15867969194756725873
5465602258021327360
621875021960042410
399173240298326983
10287632018432110860
606464347054675938
4183349901563929937
2154164521682165902
15390335640417541498
2673395992148320468
1905341407659841200
395374501316115744
1
0
0
0
0
0
4183349901563929937
2154164521682165902
15390335640417541498
2673395992148320468
1905341407659841200
395374501316115744
1
0
0
0
0
0
8236717679453976757
9054906368104476550
18445617865806713098
17149993677536421125
510161122457300810
162309639082981837
3317140385625060374
3083001017250424593
11401855795131964970
2011886465471008824
11435290789413113238
1099292342323210307
1
0
0
0
0
0
3317140385625060374
3083001017250424593
11401855795131964970
2011886465471008824
11435290789413113238
1099292342323210307
1
0
0
0
0
0
14982264599938307227
15449566130917625783
9890956152317576562
351628286931204191
916111459111671790
1498975442179263054
12532375752698145131
6036781775702022305
6117163952890478770
588423195166602714
3491593366352526835
586630758016596104
1
0
0
0
0
0
12532375752698145131
6036781775702022305
6117163952890478770
588423195166602714
3491593366352526835
586630758016596104
1
0
0
0
0
0
13876016928762584637
8957971967820569925
93500841530345984
13625976216141436046
10358431645910203601
321544246389222636
9667044917367904072
16759752362683426503
12020528990267185347
10785201685923416274
5127666378189701401
1568497837207072849
1
0
0
0
0
0
9667044917367904072
16759752362683426503
12020528990267185347
10785201685923416274
5127666378189701401
1568497837207072849
1
0
0
0
0
0
18408182555738102126
9090858923597319529
10238513524142186412
4179571293673256057
14885942534541219418
1766079061258925477
7080731864689457316
14503576525444580127
9598982926935128950
16709143750131083644
14985472186550095559
1550841563809175141
1
0
0
0
0
0
7080731864689457316
14503576525444580127
9598982926935128950
16709143750131083644
14985472186550095559
1550841563809175141
1
0
0
0
0
0
5724356651687775347
2319404163769428607
8225219857458413714
9653898040606330380
17908745029477310294
1699247593657995847
17592339314054477218
13667377139329686900
15505541512410226056
15547498693643140976
8942859748475043499
945851441901615758
1
0
0
0
0
0
17592339314054477218
13667377139329686900
15505541512410226056
15547498693643140976
8942859748475043499
945851441901615758
1
0
0
0
0
0
8519936136321523174
4051413823987734965
4065312071974184448
7271529807661251674
5931366001233870845
1691944400751881414
17265186431797662605
4261013267547958258
1253776342802317595
1915711382105621711
11065432061795569628
945282440857749658
1
0
0
0
0
0
17265186431797662605
4261013267547958258
1253776342802317595
1915711382105621711
11065432061795569628
945282440857749658
1
0
0
0
0
0
5679319624001292964
10593203251694427846
349527069835098604
2334895775950174320
12110505639926807531
122930770003156725
3037251919629582993
10472235155438415398
8762497134608075699
4289767313678377253
15815857609894127668
774324338878091940
1
0
0
0
0
0
3037251919629582993
10472235155438415398
8762497134608075699
4289767313678377253
15815857609894127668
774324338878091940
1
0
0
0
0
0
210521963553883618
15519727991858058688
6118954801444308732
11879681815020076853
13455939922665060421
199257383033752504
10965052474139061994
9651504858493513496
16807055492733797427
892463376264689839
13123949635755990714
71829122634446843
1
0
0
0
0
0
10965052474139061994
9651504858493513496
16807055492733797427
892463376264689839
13123949635755990714
71829122634446843
1
0
0
0
0
0
11578478057687783713
4606913838769415890
270196338465729568
7489996814482275193
7060185699440652932
1007263117778428546
8371509831828612745
1202461311223710214
923906156813332175
10385583201338239667
8723193058911251830
946803556044114717
1
0
0
0
0
0
8371509831828612745
1202461311223710214
923906156813332175
10385583201338239667
8723193058911251830
946803556044114717
1
0
0
0
0
0