7885493495716220762
15684830649621209319
14873322226221137392
7056244039247251673
16074200638623693822
1037922695310950310
253006395816444774
9401609217189472827
15560606018803654601
7846210328164473227
13781491400063294640
83697918035407751
5950440189689541982
12126190380219076573
9381461709273301208
835229886275729488
6398376635452319458
1495058752515745697
5877523056164402675
12345773038997603776
3378070481659920901
15923112430139554510
3343024030451120672
1083033618189324118
11675164218376459919
3828398758498237673
325384578886695008
11339756199526913876
6067981163134625553
335260652579386534
14195863124408384878
3981065471762103072
7048550362267471036
3256077220320778027
15863667493429426233
493069179097952352
905943754563397408
1816559422584258573
9284243313656062150
6540926628292134695
1481921845589346250
1302229632360225955
13626207535422512519
7724453452111014771
14246102497040305192
8258044075561189659
15414461560637193215
16880473977858428
2963715179950029340
5303445315741785071
8796403255284602770
2108291026488515545
1602150654540077752
683720679059214538
14885360799947885632
8671853034425662831
10975668913405637695
5644050298548918308
6222201841379146991
816632040474432835
17986682901727833740
3658684837059653468
17467907879195481086
811094911726904651
11623690335697530030
667464743817254266
9873353152311976590
2787900055643479569
11428116648832842370
17684372318748115897
6660987600049856259
271685473620467477
2781297941988530153
6786711249718921609
8394652195262634409
3259144217427990956
17446241368187151074
157873071356543798
15388065661936517180
4255086283803952831
3597774870928491092
7692331493118047919
2869019016087187256
1749148570949992202
17687735184836125993
10041991351301445771
16456884999408551808
6180977007154666379
6353795494653040453
1591055383590185882
16317879842222685197
13633403195862860754
10238200454682596898
383156808350111916
4059303679688752933
182199244997179738
63702512898476750
6271776114480916652
2421799571393396860
1502532431325000664
16386845500982321328
245471564068823676
3414856893052776113
1424401557882951648
4676075504257611300
12993572595386956887
6319546789580663060
23533042540680741
14960908221957190519
7633100312982812545
6300966354150408128
3936428714684186808
12569770297913131412
166283798696766795
1743476338896851524
12021222521757724110
1021068218748514870
4588710583643451321
9914771296969792835
639572120716448441
15396497031373125844
18199957018413932416
8800798072724738160
3912583017024957104
14301850433096168054
1508798200401386501
4109459971952090665
16864513219287102775
11255910554885222480
14048691381953157489
8699710264241622252
1262128183095058583
11619535176249907218
4185581804536270939
1853384767329580924
4640977865114333854
6887691468257873402
97370310364991120
11861316695210174306
1596363703664644276
11105554414147939643
1844246966343112251
17185960993162254799
443366116179512491
16613507648648678720
13199847865154775813
15228620147657129363
4490739157449693481
1946119620576044553
1138943813079619890
15823758135297586107
9655028726940788758
6300334208967915764
1090204859274548449
13932185580414104144
1822019718007410129
17903486373164354329
18048099531156868261
8630087947001156709
9413163091588793098
14436860317792799500
481391845633661217
3678351545807165714
761981416042333361
13885053173282687103
1192337914370765299
5504025680209104632
713096536403748130
6725459329557890826
11654361227782151037
13677016269357877215
15918520526370852830
7425899144899332390
1393616854273156688
11182055958470696171
1160341295386706375
7245556176965929648
7215721550431114334
9061800711705547666
181469038181334557
17057555911589049845
239400598188529479
11354530913971256971
8609339198113060304
1209132359308830074
260202446972436672
11629060788564719534
14996474591778288798
11415231092156660058
8913081891886370602
14795421419537652037
1711708907095502072
17347476918261238571
10951855072958249682
15649209455750801270
1431645094409215873
1881359517189890230
549992197623426848
12400877747387688543
279411487156786012
6057602791198687686
12921744041201583250
2964216408348475889
1495770023757063412
11545736549919925502
12627915951132012510
15140446801662640033
4775714126916578941
14159439298036992625
560583644519529449
1312240085101882800
4722136852346412884
1412325718133625025
9981651856607929369
15072365246325105471
1871343202606938346
10715210247091325015
13442005988990851968
16093203918255293164
13485243162795950106
8332346644578345786
200251348249308375
17008992657399976167
17930149186640912807
15882856136420398225
16205438529841752844
98010544467598545
1015613142320739238
6257663345379709050
15222849593437134391
11692025999411481450
16450348957791815306
499021038484473857
1775040658861492708
14187194197592222833
13508988071340579313
15520892584453042830
3435958666041692855
13297527272685955122
658846156136260107
5123120444889220436
13126702135795905707
6021575397406185369
7960742456508022581
3054255504157188855
1697355604725561894
12341488032118419989
8738489411012079582
11229058656495116708
14867619489901279087
17229666997335925467
1109642489492725131
12423350461223666317
10001386993928777351
15230436478036626829
8029226515629724370
13809784829374438592
20518400949646
1953102113922948669
10350726004722276095
6770115595665677747
17661072854297666663
3867477812502752121
1804060330410320685
4617701085690332773
12439217327990518556
16251937192872346039
62520675984080183
5984678178991825269
1679806938382599968
13752636579815175772
5930779742267700207
5972063482653796694
8023017124936300819
14966925242056169713
1358087484428589052
12373300916895080809
12676757852514148105
9617235766920228724
12644983895627654292
15708913590684287159
401974896237388018
2176299378706977809
2168005315059536028
11933954864211650231
16593354566185574480
5906133559257642724
795487595951793424
12803129700377812842
16971688067384358529
3200128125659594195
15408858510472815165
6886183800033812150
996630785466891758
3470088663128470668
3189256364933327078
10433898844475196270
10551852275850859913
13272043244397914118
91875471729980060
14457715526424854421
3257980056322396339
798002789058676096
15397420011684889036
17235612761348997599
322146058351995285
5081618971552725230
15051606997219789683
8609694506887167258
1208247482299059161
13153231091825552004
588966358110896355
15311234323723796625
3795947910799732835
17326012985847362418
968085727469072047
13398197741037230270
908570367406359505
12409677790361240405
15567889433993788303
15724642676909094383
4444288128713980438
11756937166259716266
1579343126795011213
6839298973522960066
4627329952598408610
468499599657812719
596335475363194908
14802636070433336306
607943257789654903
4937024296751501383
15301969876561823783
17131808298836485527
15654547296313020977
6576758621888662130
378845705470903127
12858221104677444905
16279324850855345749
15004539234112312616
5733088318370523958
12641311725347567167
1546140277848201526
17180975713103939531
18028573762693981630
16769039048404605662
12709976304764034158
5231017357196524930
414669123822392113
7291599011824048772
13610589931993407463
16566595444761500608
12345662084627154225
10354652887425056524
233597549181088120
1093767024271330188
6408887369472848692
2686350332950481935
17272287317705639808
9563658881906839279
154263259974743611
14593693726208847084
16443095539172754884
6405877355580726938
8873741643064667083
3347633628412850411
1134233560846991711
5248992310862149604
13320295156254052780
17969807157108485302
211331801189347486
8327758667228356614
617430918489957878
9862180940560483286
5384805178095357951
7333360822298120412
7232775932962611850
4310252988477533685
118825639388680725
15129623006078991787
5208551342718290206
6096646032530937944
3577562668267734086
5489322804828316552
975541693934633212
7801303589277589789
13131549860326514871
8464594453571312736
15835335434289017383
4446846274070369224
1748702246625586766
5172466164854055853
5034762066355026897
4745710904133849103
7727406312044475105
16000615875367050637
825678170742505749
13922608954988212436
4628275639369375960
12321660156735523152
17656518417915220168
16475312077432257865
631416559328933678
9449484302298551404
14893204619674533975
695015384150843580
1352122094482868067
5404027780064046671
1697362144475816550
16163122112542554114
4481550311222390150
604009568315979402
11721010032786712079
8041919005920774272
1033074901025789197
7027532719964319143
8474607172372959332
9937471990324627668
9007619003167041650
706274094546365049
259753890561612378
10806939177497500731
16190741765220582073
17204398372910392041
14588851961537415
10871813457022130380
1092581982094421235
2337923791385073979
6735395719084689126
4591553196018467251
8331715496868408698
9331504432678875531
1529488706212766857
9596240469760583711
11281919404382739739
2528607412521937658
1913064515798646071
17683945257670772220
1078789503919606527
15764739902028252186
781029918163508717
5382470206743342105
5305531926274745163
12907801829131106197
668306442807166136
2537530318915662082
14838605726186179811
8105525171141694851
12018036013480923715
12454188334632110478
1802837183472896450
10809317247085273502
2869647359044084110
16548562895807802661
16416613467847192816
2143864664028699275
739772645778004023
9665838442140951736
3093532946512813559
2432218615431807632
11250010047103441772
15792891945491789972
436018599942850797
12258993538365032775
14152693180414618616
8307054862126722603
4469078350076255031
5889151362658455725
979722877527287355
35055346234600496
11519835447192874183
880961746538852466
18369991116085707111
13450815078738307143
1234775729391659994
17253143515973592897
16684771451929486933
1066284022921459214
2082179605804189863
1662001813284889608
1455806587961316758
1851793562634933906
12629344438980977124
15255058272654735010
15067887817974527658
2134505339811427068
1822432595273138544
12615301036514515120
8604186138135704220
1969740767165244255
10084457245732228452
10548698027926022201
866383230775160072
15213576569804070565
1246425404302555850
18190899961826891024
8850637245373755416
4443287201589853252
572597864471166009
13956038294130487712
18018410416580504392
15347355259662189758
9831340464453796481
14546208618832251879
94152201902042315
4797957944123107752
10431975850025091685
13392085378783382157
2034342697118428631
8679527863368297764
679414443700628458
10868670698884334215
8364959486660519488
8819004706301760196
9635441331679414827
7728490723112760489
430395560609929050
10717444800165027127
10644847376133415435
8150271175568606100
4774499100068015787
9523085370749628050
283067332435023080
5459007349663996113
11180426944260281974
11391384562094072285
2004561706868151805
7726180953939543991
1373569453446366817
2359957474132713688
12026879725710804505
12368463138138572235
17545466197643676214
3968142870694696362
352285071935092878
12295345728224335848
7826927760544353413
8576144296356181942
4414483974809572265
12860584368104097918
1644777708548780322
16812160990324912079
3656360369979072545
13469268335216377940
14484268379313644724
2238009881542156492
610238359630324265
8656302343353926407
10279228948533532705
14023854157808935560
7213631749996538072
17131825731998619336
1441020956062327435
736581074612460212
8313636514501258839
8667556211288900446
11005266972337045510
3585989180072911230
50601760565320669
9907368492073227349
16086632650509693043
4659505257901277600
11729285270604867862
5663153787119983884
853226520617887685
2239586746603163516
16219820072148021550
4073911103367780478
17637267406224367843
18099179965209878300
931029988964840004
7533261542743374218
6880324836047068501
2083870164587086823
8108735352608786382
7620521742007851613
409242826505864464
15728593567439364585
14111938435940275930
3130018242437088035
12296568187305720129
7449263087900042557
543150316360742376
3571248205038808312
10179954046770421259
1843631353974491304
9799971251842582199
9494687882296903109
824589900903636045
1710088646182419451
4612345276977100517
7279598410947144972
16383527716618415318
6664326168678101995
953315358650152517
16000007527360878673
17789889484025704649
2028385140383866157
246145958685117242
12512133310505344561
265143130093515018
7187528403062171764
5826053269930735687
17025630898806547047
2697054985764737424
16745573566654894398
1782633332282413845
12951155600583378288
13461367489435848713
11350423102578220778
9121138477645880921
5201194328342911976
692478520648133142
11510255695916594867
13375595297126935997
9039991263988922054
5217490741732418031
12092540112170573043
265873464996090044
7587646099743616152
3043062777431702822
16558733018664906340
5562604210792728652
17718549920587107530
229664227151942851
12219967184663899492
3961522431642907377
16909473996848663172
11879013554708979350
4897479195153573460
1033639886933187481
170036837961720751
18295009180250238418
6860168295264294594
13054098715134596229
8542129014350383132
797598662353123821
690902069224879012
15791459498613516314
10297867823132157753
14390241375443807700
15486989072314051994
1226040246848444104
10082726168073547940
6749282718420930732
9754424181958722508
12704298787683554167
2088525767830285731
1652164492307919852
8274516205029646735
9016497819749815145
1056154303860064931
17110734440900050323
4293333700843748291
1789605901676732753
5570800338263517470
11696401167343592580
15740427172370928566
1570947320374459440
11643184448191974574
136942921716700967
5635431118497083433
16241040811505871229
10147568753894184918
4237996318018621813
12014104884573381349
781569910542158490
7897657198077429914
9817765430696121825
2963867215520191299
6686719410637925128
1483176767006104458
289198189914936314
18308098767031666486
16367612281987050973
17656972387919534505
13539337361439814278
13314819240210530784
1138123795478346503
722105949781809238
8570392849248082163
9228968168741672566
17863995812673587510
14341164858294908925
174064034339582599
13105114824733279984
8088043401763383347
9137690058921835834
3832572724850264938
2293543716634720835
282803932343323209
7977216850161780257
810584911829807198
3035535653186265113
12677858563024332487
11478479550836235119
26449638559978323
2667363843287341020
14015050889752379048
13589211563890085029
17457491050401132274
5596678915031501757
1661829362360669227
5820436533408159308
14378861947619172354
885681303311701809
3957580360874801649
11276222867666984446
1785834343225964294
6095316045604398703
13986718111763731588
5893090551279552850
10108553022442302147
3924797382286069025
1011584306853609787
7716201670929242568
4566556916763807695
15810395127980875725
4878184131335155768
13809731577109807112
1553191445086541766
13986870506506054523
1879129485567186446
4217845177091737424
15639485847814310493
12466710046283805951
243550792994303839
9944989049691699353
1542576997854555376
7120617909920321426
12887732254016216586
13008030197082632338
1722271196577965434
340418222132226162
17990301075557680683
5333633403893226053
10640533545819570845
18264169783500598151
1215201536458334856
2964029974204006229
5807238876007687032
12104199291950294595
1051687414087472355
5965299746471661671
1465532923731265917
2647045173706385816
5874270122440018102
11593026358862855061
11500676678604425490
10364557210263116146
652728629082388802
16478282902020870649
8154269470876625832
17797706241841962040
14309407560221082873
1397427595117969902
1673633201803637709
15255865005336270025
16127035459501116407
12620310237243492094
16322305995774290969
13021727417730032613
777000242936942236
5922429131307162114
16022350709246212114
14225984539810666419
4016485180246720153
1673452449933267849
550211176113850102