17328056526601235878
13509310317870252778
17829493617456573088
1069804441592306257
4361217292254815710
5731219552351903952
7872573279406571821
1743843693402004043
1
0
0
0
4361217292254815710
5731219552351903952
7872573279406571821
1743843693402004043
1
0
0
0
14657749244776745846
16508790979857666950
18315597247613286358
1730337075437574957
5808091610280436774
4961817891533785992
7272782023091813329
395103364866840014
1
0
0
0
5808091610280436774
4961817891533785992
7272782023091813329
395103364866840014
1
0
0
0
3212978791115741147
3287057754728011730
14168161128189354291
293651531752948853
6411214533053155099
17569828599410405076
17466312037531455637
1534443183522201273
1
0
0
0
6411214533053155099
17569828599410405076
17466312037531455637
1534443183522201273
1
0
0
0
1197470391922381217
4740569454550983987
17489333788275958433
1513174446082297656
12704818141406185330
17360465425110800360
7486605681706247064
1069707573327383522
1
0
0
0
12704818141406185330
17360465425110800360
7486605681706247064
1069707573327383522
1
0
0
0
457143965381547451
11089794144018527328
15246025750041077789
182940366018517564
10524768395095527344
10933373754713201783
1599509174018058072
2234013556564145525
1
0
0
0
10524768395095527344
10933373754713201783
1599509174018058072
2234013556564145525
1
0
0
0
15171777418537627237
3124625772862394222
10093934188561156038
2302116650422300276
5284655034396254534
17178060130540162537
5209909404094876941
2127650080308184615
1
0
0
0
5284655034396254534
17178060130540162537
5209909404094876941
2127650080308184615
1
0
0
0
11995356816446055427
3123380196566193385
4649044392572630382
585493087127408777
3405755545918090396
3418335791132674795
18030764061133166614
3220069259296617730
1
0
0
0
3405755545918090396
3418335791132674795
18030764061133166614
3220069259296617730
1
0
0
0
1894017064282558722
12114622394964973170
4834442492812808613
2369592208880607861
3276564269566047820
12391740575802804390
15868952204709103332
71746980055315253
1
0
0
0
3276564269566047820
12391740575802804390
15868952204709103332
71746980055315253
1
0
0
0
17318629908150799259
7412129173882167829
7913243490614534713
2269278913218073579
18386146615358104348
660963884756719043
9049037380886854377
2649006244209432625
1
0
0
0
18386146615358104348
660963884756719043
9049037380886854377
2649006244209432625
1
0
0
0
17376534975274750004
14849367639812012305
10663408490940437065
1898354535145787790
12606470791617736501
4738100553450724479
5167362736903686031
1760702785282033861
1
0
0
0
12606470791617736501
4738100553450724479
5167362736903686031
1760702785282033861
1
0
0
0
8640224667271480015
15762514891968514763
14045772239709306720
2498179523787391813
4013894483028273451
2578391161573647666
12482678896356328276
1233229437763040671
1
0
0
0
4013894483028273451
2578391161573647666
12482678896356328276
1233229437763040671
1
0
0
0
5677485845661459682
2570193734270651099
10536437871892092274
2368712173648736722
5111729599102922276
16899843669661563667
8087861106745999671
214293734844239044
1
0
0
0
5111729599102922276
16899843669661563667
8087861106745999671
214293734844239044
1
0
0
0
9384929795705688470
5025530318578587566
14545744865835530352
684897024569318643
13550146825510563740
8909736062887159659
9228334219276209206
3078379185946684953
1
0
0
0
13550146825510563740
8909736062887159659
9228334219276209206
3078379185946684953
1
0
0
0