9769829448064829664
15591590908103349891
9163760184252529525
797648668786135133
3747171004250584802
9106254179938362505
3411782863433419847
1047856443143688336
1
0
0
0
3747171004250584802
9106254179938362505
3411782863433419847
1047856443143688336
1
0
0
0
1967614885005552695
17532836599274019357
2565268057489056294
1358520789765608798
7146491985927270476
493243054574289909
7298103558562575863
1415994417924630534
1
0
0
0
7146491985927270476
493243054574289909
7298103558562575863
1415994417924630534
1
0
0
0
3130585803604044055
11771762161147126528
5998320232431893460
3105372649577689863
6676504072120060804
171534144281879702
14802057734674252324
1242372183007284651
1
0
0
0
6676504072120060804
171534144281879702
14802057734674252324
1242372183007284651
1
0
0
0
9718077412224539714
7318221648349444502
16280960995207547741
274719086428925311
17730437530655398658
16548666142923224976
4653136021722983140
1174983998721499816
1
0
0
0
17730437530655398658
16548666142923224976
4653136021722983140
1174983998721499816
1
0
0
0
17110114631816511152
3378258450387049514
15566513631718281706
530575783478008299
1509607786607302926
2786568917399241210
16622168202846166429
126791257699380409
1
0
0
0
1509607786607302926
2786568917399241210
16622168202846166429
126791257699380409
1
0
0
0
654263283476639132
12116017035099635938
5875168450696633438
1005644981858209062
2519605807137511692
834738829743393095
10820870823451898969
166623015838040928
1
0
0
0
2519605807137511692
834738829743393095
10820870823451898969
166623015838040928
1
0
0
0
16110731393224741932
3446146611648375239
9746955368135525563
3042797456787984865
4347484514193352906
16457422469890238594
10032748238054092736
901161889965435523
1
0
0
0
4347484514193352906
16457422469890238594
10032748238054092736
901161889965435523
1
0
0
0
4401991552580720664
5665441034808177328
12812950427580537675
2543171944680608376
5007099258518130624
15652245920895190478
12719184636756420368
1714166119129538423
1
0
0
0
5007099258518130624
15652245920895190478
12719184636756420368
1714166119129538423
1
0
0
0
4062841325416725552
5732200128736816417
13501254132037376416
3330436797226526477
357390598244734315
4660471690893348180
15920193641346155210
942892561416790400
1
0
0
0
357390598244734315
4660471690893348180
15920193641346155210
942892561416790400
1
0
0
0
335176138375693515
3559993334607308878
5412668560264467310
232493144421338227
6919150734104850929
8829561938217312144
891599806458794955
1094899081646560162
1
0
0
0
6919150734104850929
8829561938217312144
891599806458794955
1094899081646560162
1
0
0
0