18250753526955890374
3431703125903537667
15402216077906893037
3268992335890600570
13280733386837440049
8025111811263743599
2155338667403011594
8084818981551498536
1
0
0
0
13280733386837440049
8025111811263743599
2155338667403011594
8084818981551498536
1
0
0
0
13988032677850752633
3405040797357317185
17557625663834405809
3627356277144699518
5088831315445513753
867270965838147534
12888396179951232214
6108128196867531812
1
0
0
0
5088831315445513753
867270965838147534
12888396179951232214
6108128196867531812
1
0
0
0
3460629074383107097
11596093038108756185
12252849755156509843
5293252798013863836
2061584853165631577
15160946875896142717
13201820957508304983
5983057767941958592
1
0
0
0
2061584853165631577
15160946875896142717
13201820957508304983
5983057767941958592
1
0
0
0
3506784914664150896
4577896222734806803
16910116971431611479
7208280856766391509
7697946304796749489
1886580025145639742
13994825257071670471
6178861941383745066
1
0
0
0
7697946304796749489
1886580025145639742
13994825257071670471
6178861941383745066
1
0
0
0
17935226452538035921
1371425479461507299
800673883954308537
5996827390664755035
5581939838366809596
8836319426390445837
18418034832512162616
7458859483996927954
1
0
0
0
5581939838366809596
8836319426390445837
18418034832512162616
7458859483996927954
1
0
0
0
12249249633422166199
2944335715359061693
8013229132642202922
4702773634747109447
5051465317776499721
3023072373907489444
9549044171287303895
770085118603800451
1
0
0
0
5051465317776499721
3023072373907489444
9549044171287303895
770085118603800451
1
0
0
0
3939547621768140960
9318688003897565113
7615713160045779131
7095246151228311755
5638968565136109135
6661881412868591479
12618078979978240652
1545642533508266215
1
0
0
0
5638968565136109135
6661881412868591479
12618078979978240652
1545642533508266215
1
0
0
0
936144587796917484
3180196862151665757
11731361653214014303
7560922247195029747
8163153901739529131
7514846908210010678
4460884577132751796
7897495809706014420
1
0
0
0
8163153901739529131
7514846908210010678
4460884577132751796
7897495809706014420
1
0
0
0
16183048265987989632
404188677782900007
8793443123573247567
276964536823584193
15282238391053763379
770032220178647876
17468034931924312949
1331779446341047334
1
0
0
0
15282238391053763379
770032220178647876
17468034931924312949
1331779446341047334
1
0
0
0
15742282521559883706
5142197949451316312
12256032812940121595
6041958765955045909
5139443376761881938
14500676489964581499
15190192606243821224
2764486858992725404
1
0
0
0
5139443376761881938
14500676489964581499
15190192606243821224
2764486858992725404
1
0
0
0
11665931354335512913
4163327265794331971
1587905529060105880
6385175905196867118
7112619987346182284
9538393238901028310
7330802162001586203
6997400698406799481
1
0
0
0
7112619987346182284
9538393238901028310
7330802162001586203
6997400698406799481
1
0
0
0
440859382812983676
13263634456547363460
2843380326767550817
2246481593061454925
6843308389272014864
17573459978444679137
9607587987388132471
6107098248203640919
1
0
0
0
6843308389272014864
17573459978444679137
9607587987388132471
6107098248203640919
1
0
0
0
2843209345878618899
12187158007177273730
6631331053902469362
2598999973123072897
3649798095907742354
16203758127337955920
4006782705514563825
4759146586393229551
1
0
0
0
3649798095907742354
16203758127337955920
4006782705514563825
4759146586393229551
1
0
0
0
16282143466422643478
3879929017130651767
7820727319359763989
2056188985745148280
16637356634947125645
10006043581239987343
6698695429675629455
1856146740272988716
1
0
0
0
16637356634947125645
10006043581239987343
6698695429675629455
1856146740272988716
1
0
0
0
13549990745049515663
11055704921160714433
14336809372416130412
7104431271070208359
1687399986665692738
12733095527298667534
14740736045835730062
6513025558337979689
1
0
0
0
1687399986665692738
12733095527298667534
14740736045835730062
6513025558337979689
1
0
0
0